

TREE # 1

  0  0.0000  12671.247232  x:  0.81015   0.15165   0.20001   0.00418   0.05975   0.06441   0.03415   0.04895   0.11653   0.00000   0.11312   0.08522   0.05522   0.02658   0.15753   0.21390   0.14363   0.10602   0.14881   0.09451   0.32642   1.00000   0.75145   0.86649   1.11890   1.01716   0.18178   0.25016   1.90884  
  1 99.0000  12424.342370  x:  0.83172   0.19826   0.22741   0.17144   0.01323   0.00908   0.00000   0.01483   0.09805   0.14804   0.15024   0.17062   0.06763   0.06909   0.18693   0.25500   0.20330   0.16630   0.18038   0.15195   0.36040   1.04351   0.74773   0.86760   1.11969   1.02749   0.17300   0.15482   1.90804  
  2 3115.1285  12399.210684  x:  0.83398   0.20313   0.23028   0.18890   0.00838   0.00332   0.00034   0.01128   0.09611   0.16350   0.15412   0.17955   0.06892   0.07352   0.19000   0.25930   0.20954   0.17260   0.18368   0.15796   0.36395   1.04806   0.74734   0.86771   1.11977   1.02857   0.17208   0.14485   1.90796  
  3 217684.9632  12356.445309  x:  0.84593   0.22051   0.23689   0.21641   0.02076   0.06128   0.00043   0.02741   0.08138   0.19580   0.16484   0.20606   0.06900   0.07753   0.20032   0.27487   0.23277   0.19379   0.19577   0.18156   0.37902   1.07076   0.74528   0.86815   1.12027   1.03278   0.16851   0.10307   1.90762  
  4 2943.4667  12269.338484  x:  0.88728   0.25595   0.23746   0.16068   0.04925   0.03723   0.00033   0.03208   0.02032   0.19005   0.17382   0.23931   0.05129   0.04298   0.21630   0.30679   0.28376   0.22941   0.21874   0.23610   0.41750   1.14477   0.73816   0.86924   1.12204   1.03757   0.16457   0.04862   1.90714  
  5 1080.0210  12227.703246  x:  0.91689   0.27953   0.23797   0.13100   0.04161   0.04133   0.00033   0.02390   0.00000   0.19154   0.17779   0.26190   0.05091   0.03573   0.22447   0.32749   0.31829   0.25138   0.23086   0.27174   0.44275   1.20015   0.73265   0.87049   1.12310   1.03717   0.16498   0.07739   1.90709  
  6 1519.1900  12165.193850  x:  0.99193   0.33750   0.23992   0.05295   0.02960   0.04436   0.00032   0.01078   0.03227   0.18808   0.18655   0.31501   0.05061   0.01832   0.24433   0.37875   0.40351   0.30438   0.26042   0.35907   0.50534   1.33956   0.71865   0.87357   1.12587   1.03718   0.16499   0.12402   1.90699  
  7 5710.4279  12146.542647  x:  1.01910   0.35446   0.23870   0.03031   0.02485   0.03666   0.00032   0.03532   0.03732   0.18097   0.18708   0.32827   0.06212   0.03968   0.24853   0.39392   0.42957   0.31762   0.26690   0.38428   0.52444   1.38944   0.71319   0.87485   1.12697   1.03644   0.16545   0.13717   1.90722  
  8 2206.2780  12116.594496  x:  1.08393   0.36908   0.22355   0.05808   0.04032   0.03838   0.00029   0.01181   0.03687   0.11656   0.17199   0.31907   0.08485   0.07652   0.24020   0.40891   0.46116   0.31199   0.25705   0.40542   0.54828   1.50389   0.69777   0.87895   1.13029   1.02980   0.16979   0.13665   1.90946  
  9 605.2447  12094.228625  x:  1.15076   0.37629   0.21479   0.10460   0.01721   0.03785   0.00032   0.03251   0.03683   0.06205   0.15848   0.30327   0.07559   0.06113   0.22919   0.41943   0.48491   0.29714   0.23934   0.41329   0.56404   1.62103   0.68070   0.88432   1.13374   1.01970   0.17659   0.13858   1.91271  
 10 1072.6195  12071.523735  x:  1.25198   0.35718   0.26146   0.11490   0.04768   0.03178   0.00030   0.04150   0.03688   0.09791   0.16907   0.27198   0.05181   0.05951   0.21880   0.42071   0.48910   0.25179   0.19256   0.36979   0.55120   1.79839   0.65041   0.89946   1.13788   0.99257   0.19464   0.14777   1.92166  
 11 413.6830  12048.863512  x:  1.34037   0.33201   0.30005   0.09539   0.01793   0.04104   0.00033   0.03063   0.03250   0.12745   0.17836   0.24501   0.05369   0.06612   0.21343   0.41614   0.48414   0.21646   0.16073   0.32009   0.53267   1.95149   0.62392   0.91483   1.14091   0.96754   0.21112   0.12323   1.93015  
 12 1311.2187  12032.395351  x:  1.42876   0.28031   0.30214   0.09482   0.02194   0.03978   0.00033   0.03450   0.03108   0.15177   0.17299   0.24924   0.09763   0.04004   0.22260   0.38821   0.45419   0.24152   0.20681   0.24140   0.49412   2.09891   0.60046   0.94021   1.14000   0.93067   0.23584   0.11800   1.94099  
 13 386.2155  12026.297613  x:  1.46464   0.25092   0.28539   0.09193   0.01881   0.04163   0.00033   0.03162   0.03169   0.15697   0.16839   0.26446   0.06408   0.05702   0.23046   0.37150   0.43345   0.25784   0.23042   0.21522   0.48075   2.15142   0.59602   0.95733   1.13635   0.90917   0.25085   0.11490   1.94596  
 14 280.1806  12023.153980  x:  1.49342   0.21907   0.24789   0.08789   0.02016   0.04166   0.00033   0.03189   0.03258   0.17269   0.17175   0.28643   0.06818   0.05335   0.22944   0.35984   0.40572   0.24894   0.21551   0.23271   0.48941   2.17272   0.60744   0.99115   1.12363   0.87549   0.27533   0.11008   1.95138  
 15 87.9542  12021.055301  x:  1.52342   0.22324   0.24104   0.08646   0.01983   0.04245   0.00034   0.03163   0.03271   0.18395   0.16762   0.26264   0.06705   0.05420   0.20827   0.35870   0.40520   0.25751   0.22482   0.24137   0.49317   2.17139   0.63305   1.05152   1.09959   0.82351   0.31068   0.10457   1.96072  
 16 55.3910  12018.771354  x:  1.56030   0.24092   0.25087   0.08888   0.02040   0.04261   0.00034   0.03197   0.03271   0.17188   0.17373   0.26300   0.06924   0.05432   0.23999   0.36774   0.41364   0.25261   0.22306   0.23068   0.48875   2.15995   0.66261   1.13944   1.06800   0.75251   0.35521   0.10087   1.97559  
 17 94.2258  12018.146802  x:  1.56908   0.23928   0.27046   0.08931   0.02048   0.04251   0.00034   0.03187   0.03240   0.16102   0.17051   0.28253   0.06998   0.05442   0.22657   0.37331   0.41177   0.25347   0.22133   0.22619   0.49374   2.15303   0.65466   1.17037   1.06788   0.73237   0.36140   0.09967   1.98331  
 18 32.4563  12017.324056  x:  1.57731   0.22724   0.28084   0.09076   0.02024   0.04240   0.00034   0.03188   0.03239   0.15272   0.18164   0.27299   0.06981   0.05534   0.23310   0.37746   0.40710   0.26110   0.22316   0.23080   0.51177   2.14309   0.61462   1.21937   1.08763   0.71211   0.34962   0.10013   2.00087  
 19 22.3215  12016.381350  x:  1.58292   0.23190   0.26842   0.08728   0.02095   0.04229   0.00034   0.03151   0.03256   0.15722   0.16280   0.27257   0.06935   0.05460   0.23546   0.37038   0.42279   0.25589   0.21911   0.22591   0.51381   2.13676   0.57864   1.27467   1.11572   0.69563   0.32091   0.09906   2.02594  
 20 35.5242  12014.888756  x:  1.58417   0.23067   0.24830   0.08376   0.02174   0.04176   0.00033   0.03097   0.03293   0.14941   0.18563   0.27565   0.06787   0.05443   0.22023   0.38082   0.43778   0.24607   0.22194   0.21895   0.49534   2.14472   0.57946   1.35487   1.15903   0.68394   0.24854   0.10058   2.07269  
 21 37.1241  12010.420520  x:  1.57455   0.19747   0.27285   0.07871   0.02243   0.04012   0.00033   0.02981   0.03217   0.12234   0.16531   0.26736   0.06537   0.05416   0.22801   0.36433   0.44042   0.24152   0.22077   0.25171   0.46878   2.19326   0.65515   1.56992   1.28860   0.65334   0.01832   0.10414   2.21715  
 22 96.9955  12007.742347  x:  1.52851   0.21706   0.26384   0.07270   0.02390   0.03936   0.00032   0.02893   0.03221   0.10888   0.16270   0.26183   0.06467   0.05334   0.22808   0.37112   0.42345   0.27197   0.18939   0.21788   0.50950   2.23778   0.70478   1.61431   1.38655   0.58014  -0.05566   0.10045   2.29944  
 23 37.5483  12004.894683  x:  1.48063   0.24339   0.26614   0.06826   0.02497   0.03897   0.00032   0.02816   0.03229   0.09426   0.16781   0.26135   0.06338   0.05368   0.22891   0.36239   0.40605   0.23172   0.22313   0.21389   0.54444   2.28288   0.74227   1.62499   1.49466   0.48303  -0.10388   0.09521   2.38237  
 24 78.8641  12002.698549  x:  1.47523   0.24834   0.27062   0.06459   0.02605   0.03872   0.00032   0.02739   0.03244   0.07709   0.16382   0.25720   0.06302   0.05432   0.23167   0.38159   0.39942   0.23839   0.21796   0.25171   0.48796   2.29900   0.74563   1.59017   1.57219   0.39894  -0.11158   0.08967   2.44131  
 25 37.1868  12001.553139  x:  1.52231   0.24215   0.27528   0.06282   0.02641   0.03855   0.00032   0.02703   0.03261   0.06592   0.17981   0.25866   0.06351   0.05429   0.22851   0.35040   0.42032   0.24570   0.21059   0.25228   0.48902   2.28215   0.75024   1.54957   1.57679   0.38617  -0.11110   0.08881   2.45908  
 26 17.0492  11998.755861  x:  1.66491   0.19668   0.27316   0.05676   0.02744   0.03843   0.00032   0.02586   0.03285   0.05576   0.16701   0.25134   0.06308   0.05429   0.23250   0.38048   0.45173   0.23607   0.21789   0.22805   0.52167   2.22720   0.76389   1.43869   1.55294   0.38546  -0.11072   0.08823   2.49182  
 27 50.7302  11995.712231  x:  1.71715   0.27723   0.26961   0.04994   0.02856   0.03729   0.00032   0.02473   0.03295   0.04121   0.16573   0.24831   0.06112   0.05396   0.23002   0.37859   0.35965   0.23560   0.21853   0.23274   0.52193   2.24875   0.69112   1.37610   1.35161   0.48397  -0.07289   0.08754   2.46451  
 28 14.4566  11993.404312  x:  1.64570   0.22023   0.27155   0.04642   0.02964   0.03590   0.00032   0.02420   0.03305   0.02649   0.16515   0.24234   0.05974   0.05399   0.22810   0.37775   0.41593   0.23496   0.21564   0.23206   0.52484   2.30472   0.63393   1.35026   1.16556   0.55213   0.00240   0.08355   2.41831  
 29 22.2702  11984.249093  x:  1.74443   0.22301   0.26240   0.04203   0.02967   0.02882   0.00031   0.02413   0.03550   0.04252   0.16696   0.24888   0.06314   0.05319   0.23331   0.39060   0.45915   0.24353   0.22046   0.24000   0.51441   2.43609   0.72061   1.51826   1.47517   1.00266   0.55966   0.07580   1.82901  
 30  2.9497  11973.402446  x:  1.87204   0.23578   0.24329   0.04447   0.02622   0.02079   0.00030   0.02433   0.03854   0.08271   0.17172   0.26432   0.06773   0.05358   0.23540   0.40828   0.51312   0.26548   0.22881   0.28260   0.56178   2.56467   0.59381   1.27025   1.03229   0.56343   0.17905   0.06479   1.98116  
 31  4.2028  11967.795388  x:  2.01389   0.22959   0.27141   0.06329   0.02583   0.01773   0.00033   0.02798   0.04376   0.06103   0.17753   0.27905   0.06494   0.05279   0.24398   0.42528   0.54679   0.27722   0.23709   0.30220   0.57904   2.73649   0.64944   1.40087   1.27737   0.68613   0.34749   0.06943   2.59264  
 32  0.7486  11964.835531  x:  2.15284   0.20671   0.28501   0.05897   0.02377   0.02095   0.00038   0.02705   0.04745   0.05880   0.17814   0.27692   0.06571   0.04963   0.24507   0.42316   0.56199   0.27558   0.23396   0.29167   0.56533   2.87008   0.64340   1.47512   1.31890   0.24721  -0.08984   0.06695   1.88553  
 33  1.2325  11962.191083  x:  2.26105   0.19091   0.27936   0.04490   0.02311   0.02472   0.00044   0.02473   0.05362   0.06552   0.17595   0.27470   0.06550   0.04951   0.24362   0.41791   0.58125   0.27011   0.23006   0.28807   0.56812   3.00336   0.62162   1.51072   1.26450   0.52801   0.18787   0.06493   2.52367  
 34  0.8502  11960.844100  x:  2.34795   0.19157   0.27690   0.04695   0.02789   0.02272   0.00051   0.02642   0.05930   0.06139   0.17695   0.27639   0.06326   0.05158   0.24219   0.42221   0.59100   0.27173   0.22882   0.28120   0.57469   3.06856   0.59012   1.51108   1.16129   0.57141   0.23427   0.06561   2.24511  
 35  0.2028  11958.944462  x:  2.39777   0.19797   0.27368   0.04217   0.02373   0.01953   0.00068   0.02662   0.06864   0.05282   0.18155   0.28706   0.07105   0.05263   0.24374   0.43173   0.61193   0.27950   0.23040   0.28767   0.58960   3.08324   0.60541   1.52697   1.22758   0.43277   0.13130   0.05725   2.21472  
 36  0.0646  11955.084555  x:  2.32806   0.19327   0.28206   0.04151   0.01775   0.02007   0.00108   0.02937   0.08582   0.06441   0.18352   0.28359   0.06749   0.05599   0.24662   0.42810   0.60781   0.28450   0.23702   0.28970   0.59340   2.90956   0.60693   1.44199   1.21699   0.45261   0.11879   0.06976   2.38760  
 37  0.0889  11953.051254  x:  2.25018   0.18533   0.28240   0.03684   0.02132   0.01623   0.00133   0.02989   0.09365   0.06843   0.17670   0.27345   0.06319   0.05323   0.24262   0.41655   0.58155   0.27274   0.23296   0.27618   0.56968   2.86110   0.60973   1.43224   1.19727   0.53323   0.22637   0.06337   2.18749  
 38  0.1644  11951.705575  x:  2.16273   0.20973   0.27463   0.03698   0.01850   0.01557   0.00163   0.02539   0.09985   0.05804   0.17514   0.28195   0.06875   0.05028   0.24011   0.42117   0.55873   0.26594   0.22670   0.28115   0.55794   2.86746   0.62634   1.49328   1.20465   0.52057   0.16947   0.06394   2.22318  
 39  0.0499  11950.273049  x:  2.12216   0.22391   0.28138   0.03904   0.02203   0.01660   0.00192   0.02013   0.10006   0.06052   0.18089   0.27659   0.06439   0.05115   0.24161   0.42173   0.54444   0.27302   0.23094   0.28924   0.56296   2.93664   0.60410   1.44147   1.18719   0.45166   0.13650   0.06618   2.29577  
 40  0.0532  11947.353301  x:  2.16804   0.21551   0.29050   0.04110   0.02048   0.01113   0.00251   0.02286   0.09153   0.07329   0.17804   0.27145   0.06516   0.04177   0.24617   0.41859   0.55769   0.28196   0.23955   0.28751   0.59765   2.99627   0.60280   1.47181   1.21975   0.59867   0.26852   0.06659   2.32689  
 41  0.0512  11942.053017  x:  2.21425   0.20725   0.27746   0.04439   0.02023   0.02045   0.00369   0.02152   0.06213   0.07876   0.16920   0.27863   0.06448   0.04518   0.24355   0.41506   0.56934   0.27575   0.23685   0.27528   0.61789   2.99486   0.62791   1.52554   1.27209   0.68597   0.32740   0.06776   2.37948  
 42  0.0579  11936.901227  x:  2.15785   0.21465   0.26329   0.04732   0.02026   0.01392   0.00564   0.02253   0.06232   0.05866   0.17850   0.28727   0.06602   0.05657   0.23880   0.42616   0.56808   0.26791   0.22551   0.28308   0.56986   2.87084   0.61599   1.44651   1.21452   0.35215   0.01342   0.06398   2.20975  
 43  0.2362  11933.386023  x:  2.24487   0.18694   0.29117   0.04640   0.01860   0.01170   0.00871   0.02435   0.06306   0.05765   0.18063   0.26471   0.06652   0.05193   0.24313   0.41763   0.56942   0.27161   0.22922   0.27781   0.55097   2.94649   0.58153   1.44988   1.13018   0.62491   0.29738   0.06467   2.22618  
 44  0.1498  11930.889550  x:  2.25641   0.19689   0.26820   0.04206   0.02073   0.01501   0.01238   0.02355   0.06414   0.06215   0.17118   0.27930   0.06075   0.05100   0.24167   0.41870   0.58351   0.27414   0.23157   0.28725   0.57309   2.95361   0.63280   1.49767   1.23720   0.53900   0.18484   0.06905   2.34295  
 45  0.0900  11929.533138  x:  2.21546   0.20356   0.27770   0.04805   0.01905   0.01448   0.01607   0.02317   0.06856   0.06110   0.17780   0.28133   0.06862   0.05132   0.24149   0.42279   0.57428   0.27281   0.23173   0.28988   0.57121   2.91010   0.61521   1.45398   1.21014   0.47508   0.15918   0.06400   2.27827  
 46  0.0698  11929.138924  x:  2.23205   0.19915   0.27778   0.04448   0.02099   0.01364   0.01877   0.02392   0.06731   0.06363   0.17884   0.27783   0.06560   0.05153   0.24317   0.42236   0.57754   0.27410   0.23143   0.28600   0.57134   2.92673   0.60506   1.46642   1.19437   0.50797   0.17797   0.06465   2.24580  
 47  0.0356  11929.078730  x:  2.22624   0.20123   0.27725   0.04513   0.01998   0.01425   0.01991   0.02392   0.06710   0.06240   0.17749   0.27888   0.06534   0.05138   0.24327   0.42286   0.57678   0.27402   0.23132   0.28517   0.57245   2.92702   0.61018   1.46774   1.20280   0.51579   0.19347   0.06479   2.27284  
 48  0.0242  11929.074637  x:  2.22444   0.20174   0.27746   0.04515   0.02009   0.01408   0.02016   0.02386   0.06716   0.06215   0.17759   0.27882   0.06575   0.05160   0.24298   0.42290   0.57645   0.27391   0.23132   0.28524   0.57218   2.92799   0.61004   1.46768   1.20173   0.50883   0.18475   0.06501   2.26905  
 49  0.0110  11929.074494  x:  2.22430   0.20165   0.27749   0.04516   0.02008   0.01407   0.02019   0.02386   0.06710   0.06226   0.17763   0.27872   0.06567   0.05166   0.24294   0.42272   0.57621   0.27384   0.23137   0.28516   0.57217   2.92864   0.60972   1.46725   1.20116   0.50935   0.18544   0.06498   2.26880  
 50  0.0012  11929.074485  x:  2.22414   0.20172   0.27744   0.04516   0.02008   0.01408   0.02018   0.02387   0.06710   0.06227   0.17762   0.27871   0.06568   0.05166   0.24293   0.42268   0.57605   0.27381   0.23137   0.28515   0.57219   2.92884   0.60978   1.46728   1.20127   0.50964   0.18559   0.06499   2.26914  
 51  0.0004  11929.074484  x:  2.22408   0.20175   0.27744   0.04516   0.02008   0.01407   0.02018   0.02387   0.06710   0.06227   0.17762   0.27872   0.06568   0.05166   0.24293   0.42269   0.57602   0.27382   0.23137   0.28516   0.57220   2.92886   0.60978   1.46727   1.20130   0.50952   0.18547   0.06499   2.26913  
 52  0.0001  11929.074484  x:  2.22406   0.20176   0.27745   0.04516   0.02008   0.01408   0.02018   0.02387   0.06710   0.06227   0.17762   0.27872   0.06568   0.05166   0.24293   0.42270   0.57602   0.27382   0.23137   0.28516   0.57220   2.92886   0.60978   1.46727   1.20128   0.50953   0.18549   0.06499   2.26914  
 53  0.0000  11929.074484  x:  2.22405   0.20176   0.27745   0.04516   0.02008   0.01408   0.02018   0.02387   0.06710   0.06227   0.17762   0.27872   0.06568   0.05166   0.24293   0.42270   0.57602   0.27382   0.23137   0.28516   0.57220   2.92887   0.60978   1.46728   1.20128   0.50954   0.18550   0.06499   2.26914  
 54  0.0000  11929.074484  x:  2.22405   0.20176   0.27745   0.04516   0.02008   0.01408   0.02018   0.02387   0.06710   0.06227   0.17762   0.27872   0.06568   0.05166   0.24293   0.42270   0.57602   0.27382   0.23137   0.28516   0.57220   2.92887   0.60978   1.46728   1.20128   0.50954   0.18550   0.06499   2.26914  
 55  0.0000  11929.074484  x:  2.22405   0.20176   0.27745   0.04516   0.02008   0.01408   0.02018   0.02387   0.06710   0.06227   0.17762   0.27872   0.06568   0.05166   0.24293   0.42270   0.57602   0.27382   0.23137   0.28516   0.57220   2.92887   0.60978   1.46728   1.20128   0.50954   0.18550   0.06499   2.26914  
 56  0.0000  11929.074484  x:  2.22405   0.20176   0.27745   0.04516   0.02008   0.01408   0.02018   0.02387   0.06710   0.06227   0.17762   0.27872   0.06568   0.05166   0.24293   0.42270   0.57602   0.27382   0.23137   0.28516   0.57220   2.92887   0.60978   1.46728   1.20128   0.50954   0.18550   0.06499   2.26914  
 57  0.0000  11929.074484  x:  2.22405   0.20176   0.27745   0.04516   0.02008   0.01408   0.02018   0.02387   0.06710   0.06227   0.17762   0.27872   0.06568   0.05166   0.24293   0.42270   0.57602   0.27382   0.23137   0.28516   0.57220   2.92887   0.60978   1.46728   1.20128   0.50954   0.18550   0.06499   2.26914  
check convergence!
