

TREE # 1

  0  0.0000  12665.557802  x:  0.81015   0.15165   0.20001   0.00418   0.05975   0.06441   0.03415   0.04895   0.11653   0.00000   0.11312   0.08522   0.05522   0.02658   0.15753   0.21390   0.14363   0.10602   0.14881   0.09451   0.32642   1.00000   0.75145   0.86649   1.11890   1.01716   0.18178   0.25016  
  1 99.0000  12424.767743  x:  0.83156   0.19733   0.22673   0.16881   0.01338   0.00934   0.00000   0.01484   0.09788   0.14582   0.14942   0.16926   0.06709   0.06817   0.18620   0.25414   0.20230   0.16524   0.17964   0.14905   0.35958   1.04276   0.74774   0.86742   1.11978   1.02664   0.17305   0.15580  
  2 3101.1463  12399.766046  x:  0.83385   0.20221   0.22959   0.18639   0.00844   0.00347   0.00035   0.01120   0.09589   0.16139   0.15330   0.17823   0.06836   0.07261   0.18926   0.25844   0.20857   0.17157   0.18294   0.15488   0.36312   1.04733   0.74735   0.86751   1.11987   1.02766   0.17212   0.14572  
  3 209324.1389  12358.483574  x:  0.84578   0.21892   0.23566   0.21123   0.02139   0.05877   0.00043   0.02814   0.08099   0.19152   0.16339   0.20363   0.06811   0.07583   0.19907   0.27338   0.23107   0.19198   0.19453   0.17682   0.37756   1.06958   0.74530   0.86784   1.12041   1.03130   0.16866   0.10526  
  4 2771.8886  12272.658016  x:  0.88795   0.25390   0.23573   0.15511   0.04543   0.03556   0.00034   0.03023   0.01944   0.18552   0.17205   0.23701   0.05066   0.04163   0.21468   0.30480   0.28188   0.22756   0.21711   0.22763   0.41447   1.14328   0.73815   0.86857   1.12232   1.03448   0.16473   0.05125  
  5 1078.9455  12230.111991  x:  0.92186   0.27970   0.23600   0.12285   0.03587   0.04059   0.00034   0.02222   0.00000   0.18735   0.17613   0.26217   0.05144   0.03553   0.22335   0.32742   0.32012   0.25179   0.23009   0.26363   0.44049   1.20494   0.73195   0.86968   1.12359   1.03259   0.16526   0.08356  
  6 1424.9709  12172.611588  x:  0.99723   0.33556   0.23717   0.04859   0.02293   0.04394   0.00032   0.01159   0.03068   0.18481   0.18420   0.31452   0.05255   0.02127   0.24208   0.37675   0.40322   0.30346   0.25817   0.34140   0.49730   1.34105   0.71817   0.87205   1.12653   1.02947   0.16544   0.13012  
  7 6419.9672  12156.455631  x:  1.02397   0.35074   0.23556   0.03124   0.02358   0.03430   0.00032   0.03727   0.03465   0.17778   0.18419   0.32627   0.06402   0.04192   0.24536   0.39042   0.42716   0.31500   0.26330   0.36156   0.51297   1.38855   0.71282   0.87307   1.12769   1.02746   0.16615   0.14334  
  8 1803.9956  12125.137013  x:  1.09997   0.36707   0.21943   0.06474   0.04753   0.03462   0.00028   0.01355   0.03462   0.10933   0.16822   0.31733   0.08615   0.07996   0.23671   0.40776   0.46336   0.30960   0.25237   0.37820   0.53317   1.51797   0.69518   0.87693   1.13172   1.01697   0.17189   0.14570  
  9 630.0673  12102.128712  x:  1.16316   0.37226   0.21397   0.09905   0.01509   0.03722   0.00032   0.02963   0.03358   0.06341   0.15758   0.30270   0.07711   0.07135   0.22769   0.41718   0.48396   0.29578   0.23607   0.37730   0.54014   1.62412   0.67940   0.88128   1.13510   1.00540   0.17885   0.14064  
 10 991.3351  12086.593852  x:  1.23055   0.36374   0.23846   0.11867   0.03777   0.03029   0.00031   0.04361   0.03427   0.07841   0.16227   0.28545   0.05542   0.05426   0.22154   0.42054   0.49113   0.27125   0.20974   0.34987   0.52861   1.73688   0.66050   0.88936   1.13810   0.98634   0.19122   0.15336  
 11 543.4259  12053.026890  x:  1.37472   0.32760   0.30340   0.09028   0.02157   0.03917   0.00033   0.02938   0.02947   0.13328   0.18062   0.24526   0.06174   0.06911   0.21525   0.41726   0.48800   0.21700   0.15894   0.26625   0.48772   1.97546   0.61922   0.91098   1.14344   0.94225   0.21965   0.12546  
 12 1012.1091  12038.291896  x:  1.45653   0.27008   0.29720   0.08972   0.02267   0.03907   0.00033   0.03133   0.02888   0.15394   0.17005   0.25123   0.08085   0.05531   0.22440   0.38249   0.45023   0.25280   0.22150   0.19993   0.45372   2.10138   0.60071   0.93597   1.14135   0.90203   0.24572   0.11977  
 13 299.9482  12034.317871  x:  1.48380   0.23731   0.27735   0.08502   0.02104   0.04067   0.00033   0.02849   0.02957   0.16441   0.16804   0.26578   0.05490   0.07062   0.22971   0.36459   0.42276   0.25292   0.22561   0.20485   0.46161   2.13261   0.60173   0.95480   1.13577   0.87834   0.26082   0.11592  
 14 152.4857  12031.856600  x:  1.50542   0.21174   0.25789   0.08406   0.02226   0.04024   0.00033   0.02997   0.02989   0.17635   0.16996   0.27673   0.06936   0.06064   0.22957   0.35330   0.39959   0.24485   0.21644   0.22013   0.47582   2.15017   0.60751   0.97736   1.12780   0.85315   0.27627   0.11267  
 15 153.5661  12029.513087  x:  1.53777   0.22018   0.24593   0.08225   0.02220   0.04107   0.00034   0.02963   0.03012   0.18707   0.17371   0.25438   0.06862   0.06158   0.20540   0.35893   0.39913   0.25336   0.22169   0.22161   0.48394   2.14637   0.63476   1.04445   1.10131   0.78932   0.31091   0.10664  
 16 51.8858  12027.259797  x:  1.57256   0.23800   0.24865   0.08370   0.02274   0.04125   0.00034   0.02991   0.03026   0.17696   0.17499   0.26281   0.06980   0.06165   0.23553   0.36631   0.40500   0.24901   0.21746   0.20675   0.48231   2.13424   0.66215   1.12773   1.07138   0.71288   0.34723   0.10245  
 17 105.5267  12026.598848  x:  1.58205   0.23491   0.27780   0.08527   0.02260   0.04121   0.00034   0.02986   0.02977   0.16610   0.16703   0.27417   0.07051   0.06225   0.22846   0.36566   0.40182   0.24876   0.22092   0.21110   0.48790   2.12737   0.65440   1.15924   1.07102   0.68707   0.34800   0.10136  
 18 33.1604  12025.957451  x:  1.58853   0.22566   0.28551   0.08692   0.02250   0.04103   0.00034   0.02993   0.02979   0.15552   0.18648   0.27089   0.07046   0.06312   0.23105   0.37572   0.39974   0.25438   0.22225   0.21435   0.49003   2.12028   0.62654   1.19553   1.08461   0.66187   0.32918   0.10224  
 19 25.1243  12024.593330  x:  1.59746   0.22314   0.27320   0.08348   0.02301   0.04092   0.00034   0.02953   0.02998   0.15898   0.16893   0.26529   0.07042   0.06211   0.23437   0.37081   0.41715   0.25639   0.21473   0.21585   0.48657   2.11049   0.57023   1.27004   1.12269   0.61104   0.26743   0.10075  
 20 43.7111  12021.559096  x:  1.60036   0.21045   0.25852   0.07758   0.02388   0.04006   0.00033   0.02860   0.03010   0.14709   0.17797   0.28589   0.06839   0.06076   0.21250   0.36730   0.43953   0.21957   0.23213   0.20869   0.46912   2.13202   0.59512   1.41341   1.19907   0.51516   0.05454   0.10194  
 21 38.6608  12017.309064  x:  1.59287   0.18359   0.27583   0.07463   0.02417   0.03884   0.00033   0.02786   0.02938   0.13029   0.16390   0.25113   0.06778   0.05950   0.23570   0.35352   0.44224   0.23699   0.21943   0.22238   0.46687   2.17736   0.66704   1.59120   1.30993   0.36963  -0.25084   0.10416  
 22 171.7540  12015.480243  x:  1.57093   0.19235   0.27151   0.07028   0.02505   0.03833   0.00033   0.02712   0.02939   0.11762   0.16063   0.26762   0.06698   0.05880   0.22286   0.36668   0.42642   0.26278   0.19078   0.20754   0.46387   2.20250   0.69032   1.62019   1.37155   0.27087  -0.35052   0.10105  
 23 63.8746  12010.119592  x:  1.49200   0.25775   0.27469   0.06322   0.02662   0.03779   0.00033   0.02586   0.02936   0.09268   0.16639   0.25344   0.06776   0.05765   0.23325   0.36058   0.37909   0.23542   0.21551   0.20897   0.49016   2.27991   0.73441   1.62795   1.57340  -0.07966  -0.59551   0.08975  
 24 104.0804  12008.503974  x:  1.53200   0.22673   0.27712   0.06086   0.02706   0.03782   0.00033   0.02530   0.02946   0.08395   0.15891   0.25017   0.06798   0.05787   0.23618   0.37963   0.40375   0.23109   0.21934   0.23981   0.44487   2.26468   0.75012   1.57698   1.60191  -0.17910  -0.65213   0.08644  
 25 25.6025  12007.188353  x:  1.58881   0.20976   0.28049   0.05918   0.02730   0.03777   0.00033   0.02493   0.02964   0.07289   0.17597   0.25184   0.06871   0.05767   0.23266   0.35028   0.43792   0.23919   0.21150   0.23332   0.45330   2.23844   0.75648   1.52168   1.60216  -0.24401  -0.69883   0.08521  
 26 40.5840  12005.789470  x:  1.65875   0.18890   0.27936   0.05650   0.02755   0.03788   0.00033   0.02434   0.02967   0.07037   0.16619   0.24816   0.06875   0.05749   0.23580   0.37229   0.45008   0.23401   0.21637   0.20255   0.49828   2.20621   0.75478   1.45836   1.57822  -0.29536  -0.75307   0.08495  
 27 49.9279  12003.523148  x:  1.75567   0.25790   0.27562   0.05172   0.02802   0.03736   0.00033   0.02346   0.02977   0.06074   0.16696   0.24701   0.06842   0.05660   0.23395   0.37180   0.37350   0.23557   0.21644   0.21594   0.48440   2.19016   0.69861   1.37140   1.41578  -0.31168  -0.83037   0.08546  
 28 18.6017  12000.370807  x:  1.68688   0.22121   0.27553   0.04758   0.02904   0.03567   0.00032   0.02289   0.02992   0.04172   0.16776   0.24137   0.06715   0.05555   0.23034   0.37318   0.40943   0.23549   0.21390   0.21749   0.48975   2.25421   0.60544   1.29127   1.10930  -0.31653  -0.84174   0.08070  
 29 19.5509  11990.368931  x:  1.76062   0.22936   0.26558   0.04166   0.03050   0.02792   0.00032   0.02357   0.03296   0.02054   0.16557   0.24525   0.06590   0.05182   0.23360   0.38809   0.44131   0.24155   0.21754   0.22851   0.51081   2.38939   0.67810   1.40940   1.34158   0.47380   0.01523   0.07671  
 30  3.8000  11977.306249  x:  1.92802   0.24368   0.23967   0.05337   0.02598   0.01676   0.00031   0.02753   0.03751   0.07738   0.17253   0.27239   0.06701   0.04793   0.23357   0.41701   0.52215   0.26926   0.22842   0.27055   0.54620   2.57071   0.63186   1.29164   1.16390   0.25428  -0.09763   0.06701  
 31  1.3370  11970.356201  x:  2.15697   0.20402   0.29263   0.06215   0.02209   0.02392   0.00039   0.02617   0.04409   0.05757   0.18034   0.27536   0.06149   0.05258   0.24444   0.41950   0.55637   0.27503   0.23636   0.26810   0.54667   2.79637   0.62968   1.38465   1.22933  -0.14030  -0.46431   0.06905  
 32  0.3656  11967.226717  x:  2.30547   0.18354   0.28269   0.04431   0.02486   0.02420   0.00045   0.02341   0.05081   0.06891   0.17606   0.27074   0.06465   0.05203   0.24558   0.41359   0.58129   0.27142   0.23209   0.25495   0.53965   2.95054   0.61218   1.45437   1.21874   0.10587  -0.21151   0.06393  
 33  0.3055  11965.817933  x:  2.39944   0.18377   0.27255   0.04866   0.02729   0.02131   0.00052   0.02742   0.05676   0.05718   0.17482   0.27725   0.06604   0.04797   0.24398   0.42285   0.59970   0.27250   0.22844   0.25678   0.54194   3.01408   0.60094   1.47229   1.21095   0.07438  -0.25322   0.06606  
 34  0.0989  11963.750010  x:  2.49120   0.18122   0.26905   0.04147   0.02261   0.02046   0.00070   0.02629   0.06799   0.05951   0.18275   0.28987   0.06735   0.05816   0.23928   0.43378   0.62456   0.27881   0.22802   0.26960   0.54858   3.02735   0.60295   1.45545   1.23513  -0.06297  -0.34980   0.05927  
 35  0.0609  11960.657451  x:  2.47848   0.17741   0.28764   0.04283   0.01854   0.01986   0.00101   0.02949   0.08108   0.06915   0.18506   0.27843   0.06566   0.05822   0.23989   0.42651   0.60240   0.27554   0.22976   0.26739   0.54763   2.89226   0.60758   1.40893   1.20565   0.19699  -0.10569   0.06808  
 36  0.1550  11958.286667  x:  2.34483   0.17871   0.27927   0.03755   0.02034   0.01551   0.00127   0.03042   0.08976   0.06599   0.17392   0.26923   0.06517   0.04905   0.24297   0.41422   0.58087   0.26945   0.22944   0.25906   0.54023   2.79465   0.62339   1.40967   1.22030   0.00857  -0.30453   0.06320  
 37  0.1781  11956.779737  x:  2.20593   0.19572   0.27247   0.03829   0.02102   0.01706   0.00152   0.02384   0.09596   0.06044   0.17635   0.28236   0.06574   0.05423   0.24290   0.41884   0.56995   0.27255   0.23317   0.25549   0.53780   2.79535   0.60911   1.40133   1.17986   0.01825  -0.29814   0.06613  
 38  0.0631  11955.739991  x:  2.18863   0.20465   0.28554   0.03864   0.01913   0.01461   0.00179   0.02306   0.10020   0.06098   0.18124   0.27818   0.06704   0.04774   0.24157   0.42105   0.56423   0.27313   0.23133   0.25619   0.54259   2.90047   0.60867   1.42829   1.21087   0.11545  -0.18030   0.06389  
 39  0.0757  11953.557428  x:  2.20913   0.23096   0.27612   0.03434   0.02244   0.01714   0.00229   0.02381   0.09641   0.07535   0.17346   0.26634   0.06094   0.04807   0.23957   0.41758   0.54768   0.27122   0.22438   0.26448   0.55188   2.97940   0.62705   1.45349   1.25014   0.01855  -0.33194   0.07222  
 40  0.0454  11946.399432  x:  2.20288   0.27041   0.28509   0.05854   0.01924   0.01448   0.00413   0.02755   0.06704   0.06637   0.17183   0.28198   0.06592   0.06129   0.23970   0.42083   0.49617   0.26901   0.22933   0.27522   0.55119   2.90687   0.62976   1.37595   1.21458  -0.07642  -0.40011   0.06273  
 41  0.0353  11941.122638  x:  2.24382   0.21412   0.25990   0.04071   0.01896   0.01381   0.00617   0.02523   0.05900   0.06436   0.18135   0.28107   0.06858   0.05034   0.24293   0.41731   0.54813   0.26920   0.23081   0.25204   0.53472   2.91963   0.60179   1.41358   1.19843   0.18449  -0.14635   0.06597  
 42  0.1500  11937.813373  x:  2.21426   0.16817   0.28688   0.04662   0.01972   0.01198   0.00917   0.02121   0.06980   0.05493   0.17388   0.26876   0.06221   0.05015   0.24171   0.42004   0.59649   0.27636   0.23077   0.25379   0.54180   2.85617   0.61282   1.45575   1.20728   0.01990  -0.30414   0.06784  
 43  0.0883  11935.815690  x:  2.34312   0.17616   0.27953   0.04958   0.02001   0.01706   0.01258   0.02263   0.05982   0.06381   0.17433   0.27426   0.06620   0.05119   0.23955   0.42078   0.60339   0.27217   0.22714   0.26262   0.54438   2.85587   0.60820   1.41360   1.19782  -0.00096  -0.30222   0.06473  
 44  0.0644  11934.619293  x:  2.34948   0.18543   0.27074   0.04405   0.02015   0.01270   0.01590   0.02327   0.06697   0.06461   0.18003   0.28359   0.06623   0.05132   0.24189   0.42292   0.59921   0.27280   0.22979   0.26416   0.54283   2.87006   0.60606   1.42370   1.20286   0.08608  -0.22876   0.06452  
 45  0.0666  11934.123270  x:  2.27400   0.19243   0.27690   0.04565   0.02081   0.01463   0.01871   0.02309   0.06808   0.06295   0.17788   0.27733   0.06513   0.05024   0.24372   0.42016   0.57780   0.27311   0.23180   0.25929   0.54039   2.86844   0.61128   1.41480   1.20599   0.05709  -0.24814   0.06510  
 46  0.0500  11934.045040  x:  2.27507   0.19688   0.27715   0.04552   0.02003   0.01400   0.01988   0.02394   0.06692   0.06272   0.17728   0.27804   0.06559   0.05164   0.24302   0.42163   0.57580   0.27407   0.23126   0.26108   0.54260   2.87519   0.61270   1.42031   1.20691   0.04486  -0.26659   0.06542  
 47  0.0194  11934.040097  x:  2.27597   0.19545   0.27652   0.04518   0.02009   0.01407   0.02013   0.02389   0.06700   0.06248   0.17743   0.27807   0.06569   0.05166   0.24267   0.42160   0.57764   0.27376   0.23093   0.26039   0.54270   2.87813   0.61050   1.41982   1.20396   0.05337  -0.25470   0.06536  
 48  0.0134  11934.039857  x:  2.27582   0.19485   0.27661   0.04526   0.02008   0.01409   0.02018   0.02388   0.06697   0.06243   0.17744   0.27796   0.06569   0.05163   0.24265   0.42152   0.57838   0.27362   0.23084   0.26031   0.54278   2.87733   0.61062   1.42149   1.20442   0.05232  -0.25614   0.06537  
 49  0.0022  11934.039845  x:  2.27606   0.19479   0.27662   0.04528   0.02008   0.01408   0.02018   0.02387   0.06697   0.06245   0.17746   0.27798   0.06568   0.05164   0.24265   0.42153   0.57850   0.27362   0.23085   0.26034   0.54279   2.87725   0.61060   1.42125   1.20444   0.05220  -0.25606   0.06537  
 50  0.0003  11934.039844  x:  2.27612   0.19480   0.27662   0.04528   0.02008   0.01408   0.02018   0.02387   0.06696   0.06246   0.17745   0.27799   0.06568   0.05163   0.24266   0.42153   0.57851   0.27362   0.23085   0.26034   0.54277   2.87725   0.61061   1.42122   1.20443   0.05223  -0.25607   0.06537  
 51  0.0001  11934.039844  x:  2.27613   0.19480   0.27662   0.04528   0.02008   0.01408   0.02018   0.02387   0.06696   0.06246   0.17745   0.27799   0.06568   0.05163   0.24266   0.42153   0.57849   0.27362   0.23085   0.26034   0.54277   2.87725   0.61061   1.42121   1.20442   0.05224  -0.25606   0.06537  
 52  0.0000  11934.039844  x:  2.27613   0.19480   0.27662   0.04528   0.02008   0.01408   0.02018   0.02387   0.06696   0.06246   0.17745   0.27799   0.06568   0.05163   0.24266   0.42153   0.57849   0.27362   0.23085   0.26034   0.54277   2.87725   0.61061   1.42121   1.20443   0.05223  -0.25607   0.06537  
 53  0.0000  11934.039844  x:  2.27614   0.19480   0.27662   0.04528   0.02008   0.01408   0.02018   0.02387   0.06696   0.06246   0.17745   0.27799   0.06568   0.05163   0.24266   0.42153   0.57849   0.27362   0.23085   0.26034   0.54277   2.87725   0.61061   1.42121   1.20443   0.05223  -0.25607   0.06537  
 54  0.0000  11934.039844  x:  2.27614   0.19480   0.27662   0.04528   0.02008   0.01408   0.02018   0.02387   0.06696   0.06246   0.17745   0.27799   0.06568   0.05163   0.24266   0.42153   0.57849   0.27362   0.23085   0.26034   0.54277   2.87725   0.61061   1.42121   1.20442   0.05223  -0.25607   0.06537  
 55  0.0000  11934.039844  x:  2.27613   0.19480   0.27662   0.04528   0.02008   0.01408   0.02018   0.02387   0.06696   0.06246   0.17745   0.27799   0.06568   0.05163   0.24266   0.42153   0.57849   0.27362   0.23085   0.26034   0.54277   2.87725   0.61061   1.42121   1.20443   0.05223  -0.25607   0.06537  